[0 152]
[1 152]
[0 153]
[11 161]
[0 161]
[0 161]
[0 161]
[0 161]
[0 161]
[0 161]
[1 161]
[0 161]
[0 161]
[6 167]
[0 167]
[0 167]
[0 167]
[0 167]
[0 167]
[0 167]
[0 167]
[0 167]
[0 167]
[0 167]
[0 167]
[0 167]
[0 167]
[0 167]
[0 167]
[2 167]
[0 167]
[11 181]
[0 181]
[1 181]
[0 180]
[0 180]
[0 180]
[0 180]
[0 180]
[0 180]
[0 180]
[0 180]
[0 180]
[0 180]
[0 180]
[0 180]
[0 180]
[0 180]
[0 180]
[1 180]
[0 180]
[2 190]
[0 190]
[0 190]
[0 190]
[10 192]
[1 200]
[0 200]
[0 200]
[0 200]
[0 200]
[0 200]
[0 200]
[0 200]
[13 207]
[0 207]
[0 207]
[0 207]
[0 207]
[0 207]
[1 215]
[0 215]
[0 215]
[0 215]
[0 215]
[0 215]
[0 215]
[0 215]
[0 215]
[0 215]
[0 215]
[0 215]
[5 215]
[0 215]
[0 215]
[0 215]
[0 215]
[0 215]
[0 215]
[0 215]
[0 215]
[0 215]
[0 215]
[0 215]
[0 215]
[0 215]
[0 215]
[0 215]
[2 215]
[0 215]
[0 216]
[0 216]
[0 216]
[7 227]
[0 227]
[0 227]
[0 227]
[0 227]
[0 227]
[0 227]
[0 228]
[0 228]
[0 228]
[5 229]
[0 229]
[0 229]
[2 229]
[0 229]
[0 229]
[0 229]
[0 229]
[0 229]
[4 231]
[0 231]
[0 232]
[0 232]
[0 232]
[9 242]
[0 242]
[0 242]
[0 242]
[0 242]
[0 242]
[0 242]
[0 242]
[0 242]
[0 242]
[0 242]
[17 266]
[0 266]
[0 266]
[0 266]
[0 266]
[0 266]
[0 266]
[0 266]
[0 266]
[0 265]
[0 265]
[0 265]
[0 265]
[0 265]
[0 265]
[0 265]
[0 265]
[0 265]
[0 265]
[0 265]
[0 265]
[2 265]
[0 265]
[2 265]
[0 265]
[0 265]
[8 281]
[0 281]
[0 281]
[0 281]
[0 281]
[0 281]
[1 281]
[0 281]
[0 281]
[0 282]
[0 282]
[0 283]
[3 283]
[0 283]
[0 283]
[0 283]
[0 283]
[3 283]
[0 283]
[0 283]
[0 283]
[2 283]
[1 283]
[1 283]
[0 283]
[1 283]
[1 283]
[0 283]
[0 283]
[0 285]
[2 285]
[2 287]
[0 287]
[0 287]
[2 289]
[0 289]
[0 289]
[2 290]
[13 307]
[0 307]
[0 307]
[0 307]
[4 307]
[0 307]
[0 310]
[0 310]
[0 310]
[0 310]
[0 310]
[0 310]
[0 310]
[0 310]
[0 310]
[0 310]
[0 310]
[0 310]
[0 310]
[0 310]
[1 310]
[0 310]
[0 310]
[1 310]
[1 311]
[0 311]
[1 311]
[0 311]
[0 313]
[1 313]
[16 328]
[0 328]
[0 328]
[0 328]
[1 330]
[0 330]
[0 330]
[0 330]
[0 330]
[0 330]
[0 330]
[0 330]
[2 330]
[1 332]
[0 332]
[0 332]
[2 334]
[0 334]
[0 335]
[3 336]
[0 336]
[0 338]
[2 340]
[2 340]
[0 340]
[0 343]
[0 342]
[0 342]
[4 345]
[0 345]
[0 345]
[0 345]
[1 345]
[2 350]
[1 353]
[0 353]
[2 353]
[0 353]
[0 353]
[0 353]
[2 353]
[0 353]
[2 354]
[0 354]
[0 355]
[3 356]
[0 356]
[0 358]
[1 358]
[0 358]
[0 368]
[2 368]
[0 368]
[0 368]
[0 368]
[4 368]
[1 368]
[0 368]
[0 368]
[2 368]
[0 368]
[3 369]
[0 369]
[9 389]
[1 389]
[5 389]
[0 389]
[0 389]
[0 389]
[0 389]
[0 389]
[0 389]
[0 389]
[0 389]
[0 389]
[1 389]
[0 389]
[0 389]
[0 389]
[0 389]
[1 389]
[0 389]
[0 389]
[0 389]
[3 389]
[0 389]
[0 391]
[0 391]
[0 391]
[6 401]
[0 401]
[0 401]
[0 401]
[0 401]
[0 401]
[0 401]
[0 401]
[8 409]
[0 409]
[0 409]
[0 409]
[0 409]
[3 410]
[0 410]
[0 412]
[0 412]
[0 412]
[0 412]
[0 412]
[0 412]
[4 412]
[0 412]
[0 412]
[2 423]
[0 423]
[5 423]
[0 423]
[0 423]
[0 423]
[0 423]
[0 423]
[6 425]
[0 425]
[0 425]
[0 425]
[0 425]
[0 425]
[3 427]
[0 427]
[0 428]
[0 428]
[0 429]
[4 432]
[0 432]
[0 434]
[8 439]
[0 439]
[6 447]
[0 447]
[2 447]
[2 448]
[0 448]
[0 452]
[0 452]
[3 453]
[0 453]
[7 458]
[0 459]
[0 459]
[0 459]
[0 459]
[0 459]
[0 459]
[1 466]
[0 466]
[0 466]
[0 466]
[0 466]
[0 466]
[0 466]
[0 466]
[0 466]
[0 466]
[0 466]
[2 466]
[8 472]
[0 472]
[3 474]
[0 474]
[0 474]
[3 477]
[0 477]
[0 477]
[0 477]
[0 477]
[0 477]
[0 477]
[0 477]
[0 477]
[0 477]
[0 477]
[1 477]
[0 477]
[2 477]
[0 477]
[0 479]
[3 482]
[0 482]
[0 484]
[0 484]
[6 486]
[0 486]
[0 488]
[0 488]
[0 488]
[0 488]
[0 488]
[1 488]
[0 488]
[0 490]
[2 490]
[0 490]
[5 495]
[0 495]
[0 498]
[0 498]
[3 506]
[0 506]
[1 506]
[1 506]
[8 510]
[0 510]
[0 510]
[7 514]
[4 524]
[0 524]
[0 524]
[0 524]
[0 524]
[0 524]
[0 524]
[6 524]
[0 524]
[0 525]
[0 525]
[0 525]
[0 525]
[0 525]
[0 525]
[0 525]
[2 527]
[0 527]
[0 528]
[4 530]
[0 530]
[0 531]
[0 531]
[4 537]
[0 537]
[1 539]
[0 539]
[0 539]
[0 539]
[3 539]
[0 539]
[0 540]
[0 540]
[5 544]
[1 544]
[0 545]
[0 545]
[3 548]
[1 549]
[0 549]
[1 552]
[1 552]
[0 552]
[3 559]
[1 564]
[0 564]
[0 564]
[0 564]
[5 564]
[0 563]
[0 563]
[0 563]
[0 563]
[0 563]
[3 458]
[0 458]
[2 460]
[0 460]
[2 461]
[0 461]
[2 463]
[0 463]
[1 463]
[0 463]
[0 464]
[3 466]
[10 481]
[1 481]
[0 481]
[0 481]
[0 481]
[0 481]
[0 481]
[0 481]
[0 481]
[0 481]
[0 481]
[0 481]
[0 481]
[0 481]
[1 481]
[0 481]
[4 484]
[2 484]
[0 486]
[0 486]
[0 486]
[1 486]
[0 487]
[0 487]
[12 500]
[0 500]
[2 500]
[0 503]
[0 503]
[0 503]
[0 503]
[0 503]
[0 503]
[0 503]
[0 503]
[0 503]
[0 503]
[0 503]
[0 503]
[0 503]
[0 503]
[1 503]
[2 503]
[0 505]
[0 505]
[2 506]
[2 508]
[0 508]
[0 508]
[0 508]
[0 507]
[1 507]
[1 509]
[0 509]
[0 509]
[0 509]
[3 514]
[1 514]
[0 514]
[0 514]
[3 515]
[0 515]
[0 518]
[0 519]
[3 524]
[0 524]
[9 532]
[0 532]
[0 532]
[0 532]
[0 532]
[0 532]
[1 532]
[0 532]
[0 532]
[0 532]
[0 532]
[0 532]
[0 532]
[0 532]
[0 532]
[12 542]
[0 542]
[0 542]
[0 542]
[0 542]
[0 542]
[0 542]
[0 542]
[0 542]
[1 542]
[0 542]
[3 547]
[0 547]
[0 547]
[0 547]
[0 547]
[0 547]
[1 547]
[0 547]
[3 549]
[0 550]
[0 553]
[0 553]
[3 553]
[0 553]
[12 565]
[0 565]
[0 565]
[2 566]
[0 568]
[0 568]
[0 568]
[0 568]
[0 568]
[1 568]
[0 568]
[0 568]
[0 568]
[0 568]
[1 568]
[0 568]
[3 571]
[0 571]
[1 573]
[1 573]
[0 573]
[1 575]
[2 576]
[0 584]
[2 584]
[3 584]
[1 584]
[0 584]
[0 584]
[0 584]
[3 584]
[0 584]
[0 584]
[3 593]
[0 593]
[0 593]
[2 593]
[2 593]
[0 593]
[1 593]
[1 593]
[0 593]
[2 594]
[1 597]
[1 597]
[1 600]
[5 603]
[1 607]
[1 606]
[1 606]
[7 614]
[0 614]
[2 615]
[0 615]
[0 615]
[0 616]
[0 616]
[0 616]
[3 624]
[15 632]
[0 632]
[0 633]
[0 633]
[0 639]
[1 639]
[0 639]
[0 639]
[0 639]
[0 639]
[0 639]
[0 639]
[0 639]
[0 639]
[0 639]
[0 639]
[0 639]
[0 639]
[0 639]
[9 643]
[0 643]
[0 644]
[0 644]
[0 646]
[0 646]
[0 646]
[0 646]
[0 646]
[0 646]
[0 646]
[0 646]
[0 646]
[10 654]
[0 654]
[0 654]
[0 654]
[0 654]
[0 654]
[1 655]
[0 655]
[0 659]
[0 659]
[0 659]
[2 659]
[4 666]
[0 666]
[0 666]
[0 666]
[8 666]
[0 666]
[0 667]
[0 667]
[0 667]
[5 678]
[0 678]
[0 678]
[0 678]
[3 678]
[0 678]
[0 678]
[0 678]
[1 678]
[4 681]
[0 681]
[17 703]
[0 703]
[0 703]
[0 703]
[0 703]
[0 703]
[0 703]
[0 703]
[0 703]
[0 703]
[4 703]
[0 703]
[0 703]
[2 703]
[0 704]
[1 704]
[1 704]
[3 707]
[0 707]
[2 717]
[8 719]
[0 719]
[0 719]
[3 720]
[0 720]
[0 721]
[0 721]
[0 721]
[3 725]
[1 725]
[5 731]
[3 733]
[0 733]
[1 734]
[0 734]
[0 734]
[2 743]
[0 743]
[3 743]
[0 743]
[3 743]
[0 743]
[1 743]
[1 743]
[2 746]
[0 746]
[4 755]
[2 755]
[1 755]
[1 755]
[3 755]
[2 759]
[0 759]
[4 762]
[14 778]
[0 778]
[9 797]
[11 798]
[15 816]
[0 816]
[0 816]
[6 819]
[1 820]
[0 821]
[0 821]
[0 821]
[0 821]
[0 821]
[5 823]
[0 823]
[1 824]
[0 824]
[1 824]
[8 832]
[0 832]
[0 835]
[0 835]
[0 835]
[0 835]
[7 841]
[0 841]
[0 841]
[9 848]
[0 849]
[1 851]
[1 851]
[0 851]
[0 851]
[0 851]
[0 851]
[0 852]
[1 852]
[0 853]
[0 853]
[0 853]
[2 853]
[8 867]
[1 867]
[0 867]
[0 867]
[1 867]
[0 867]
[0 867]
[0 867]
[4 872]
[2 872]
[1 872]
[8 882]
[0 882]
[0 882]
[0 882]
[0 882]
[0 882]
[0 882]
[0 882]
[16 895]
[0 895]
[0 897]
[1 904]
[1 904]
[0 904]
[0 904]
[0 904]
[0 904]
[0 904]
[0 905]
[0 905]
[0 905]
[0 904]
[0 904]
[0 904]
[0 904]
[0 904]
[0 904]
[0 904]
[0 904]
[3 887]
[0 887]
[0 887]
[10 894]
[0 894]
[0 894]
[0 894]
[1 894]
[1 894]
[0 899]
[0 899]
[0 899]
[0 899]
[4 899]
[0 899]
[0 903]
[0 903]
[2 903]
[1 903]
[0 903]
[0 905]
[0 905]
[4 905]
[0 905]
[0 906]
[3 917]
[0 917]
[0 917]
[0 917]
[13 922]
[1 922]
[0 922]
[0 922]
[0 922]
[1 922]
[0 922]
[0 923]
[0 923]
[0 923]
[0 923]
[0 923]
[0 923]
[0 923]
[0 923]
[0 923]
[0 923]
[0 923]
[3 927]
[0 927]
[0 927]
[0 927]
[1 928]
[0 928]
[3 937]
[0 943]
[2 943]
[0 943]
[0 943]
[0 943]
[2 943]
[8 960]
[0 960]
[0 960]
[0 960]
[1 960]
[0 960]
[0 960]
[0 960]
[0 960]
[0 960]
[0 960]
[0 960]
[5 960]
[0 960]
[0 960]
[0 960]
[0 960]
[0 960]
[0 960]
[0 961]
[2 961]
[0 961]
[3 961]
[0 961]
[0 961]
[0 961]
[3 961]
[0 961]
[0 961]
[3 961]
[2 961]
[4 966]
[1 969]
[5 971]
[0 971]
[0 973]
[0 973]
[0 973]
[0 973]
[0 973]
[0 973]
[0 973]
[0 973]
[0 973]
[0 973]
[0 973]
[0 973]
[0 973]
[4 973]
[0 973]
[0 979]
[0 979]
[2 979]
[2 979]
[13 997]
[0 997]
[0 997]
[0 998]
[0 998]
[1 998]
[1 998]
[0 998]
[0 998]
[0 998]
[0 998]
[0 998]
[0 998]
[0 998]
[0 998]
[1 998]
[0 998]
[0 998]
[0 998]
[0 998]
[0 998]
[0 998]
[0 998]
[0 998]
[0 998]
[0 998]
[0 998]
[0 998]
[0 998]
[0 998]
[0 998]
[2 998]
[0 998]
[0 998]
[3 1001]
[0 1001]
[0 1001]
[0 1001]
[0 1000]
[3 1002]
[0 1002]
[0 1002]
[0 1002]
[2 1002]
[3 1005]
[0 1005]
[0 1007]
[0 1007]
[4 1017]
[0 1017]
[3 1020]
[0 1020]
[0 1020]
[2 1020]
[0 1020]
[0 1020]
[0 1020]
[0 1020]
[0 1020]
[2 1020]
[0 1020]
[0 1020]
[0 1020]
[2 1020]
[1 1020]
[0 1020]
[0 1021]
[0 1021]
[0 1021]
[2 1021]
[0 1021]
[0 1023]
[1 1023]
[0 1023]
[0 1026]
[2 1026]
[1 1031]
[0 1031]
[1 1031]
[4 1031]
[0 1031]
[0 1033]
[0 1033]
[0 1033]
[0 1033]
[21 1061]
[1 1061]
[0 1061]
[0 1061]
[0 1061]
[0 1061]
[0 1061]
[0 1061]
[0 1061]
[0 1061]
[0 1061]
[0 1061]
[0 1061]
[1 1061]
[0 1061]
[0 1061]
[3 1061]
[0 1061]
[0 1061]
[0 1061]
[0 1061]
[0 1061]
[0 1061]
[0 1061]
[0 1061]
[0 1061]
[167 62]
[0 62]
[0 64]
[0 64]
[1 64]
[0 64]
[0 64]
[0 64]
[0 64]
[0 64]
[0 64]
[0 64]
[0 64]
[0 64]
[0 64]
[0 64]
[0 64]
[4 74]
[0 74]
[0 74]
[0 74]
[0 74]
[0 74]
[0 74]
[5 74]
[0 74]
[0 74]
[0 74]
[0 74]
[0 74]
[0 74]
[0 74]
[0 74]
[0 74]
[0 74]
[5 80]
[0 80]
[0 79]
[1 79]
[0 79]
[0 79]
[6 91]
[0 91]
[6 91]
[0 91]
[0 91]
[0 91]
[0 91]
[0 91]
[0 91]
[0 91]
[0 91]
[0 91]
[1 91]
[2 92]
[0 93]
[4 95]
[0 95]
[0 96]
[4 98]
[0 98]
[0 100]
[3 104]
[2 104]
[0 104]
[7 114]
[1 114]
[7 119]
[0 119]
[1 122]
[0 122]
[0 122]
[0 122]
[0 122]
[0 122]
[0 122]
[0 122]
[0 122]
[4 124]
[1 126]
[0 126]
[0 126]
[2 136]
[3 136]
[5 138]
[0 138]
[0 138]
[0 138]
[0 138]
[2 139]
[3 139]
[0 140]
[0 140]
[2 142]
[0 143]
[0 152]
[2 152]
[0 152]
[0 152]
[3 152]
[0 152]
[0 152]
[9 157]
[0 157]
[0 158]
[0 158]
[0 158]
[1 158]
[0 158]
[0 158]
[0 158]
[0 158]
[0 158]
[2 167]
[0 167]
[0 167]
[0 167]
[1 167]
[0 167]
[4 167]
[1 167]
[0 167]
[0 167]
[0 167]
[0 167]
[2 167]
[0 167]
[0 167]
[11 180]
[0 180]
[0 180]
[0 180]
[0 180]
[2 180]
[0 180]
[0 181]
[0 180]
[0 180]
[2 182]
[0 182]
[0 182]
[0 182]
[2 184]
[1 186]
[10 196]
[0 196]
[1 196]
[4 199]
[0 199]
[3 210]
[0 210]
[0 210]
[3 210]
[1 210]
[0 210]
[0 210]
[0 210]
[0 210]
[6 216]
[0 217]
[0 217]
[0 217]
[3 217]
[1 230]
[2 230]
[1 230]
[4 230]
[0 230]
[4 230]
[0 230]
[1 230]
[1 230]
[1 232]
[5 235]
[0 235]
[0 236]
[3 238]
[2 242]
[0 242]
[4 244]
[0 244]
[0 244]
[4 251]
[0 251]
[0 251]
[4 253]
[0 253]
[0 253]
[1 253]
[1 253]
[0 253]
[2 315]
[2 315]
[0 315]
[4 315]
[0 315]
[2 315]
[0 315]
[4 315]
[0 315]
[0 315]
[0 315]
[3 315]
[0 315]
[3 315]
[0 315]
[0 315]
[0 315]
[2 315]
[0 315]
[3 315]
[0 315]
[0 315]
[1 315]
[1 315]
[3 315]
[0 315]
[0 315]
[0 315]
[0 315]
[3 314]
[54 342]
[6 348]
[0 348]
[0 348]
[0 348]
[0 348]
[0 348]
[0 348]
[0 348]
[0 348]
[0 348]
[0 348]
[0 348]
[0 348]
[2 348]
[0 348]
[0 348]
[0 348]
[0 348]
[0 350]
[0 350]
[0 350]
[0 350]
[0 350]
[0 350]
[0 350]
[0 350]
[0 350]
[0 350]
[0 350]
[0 350]
[0 350]
[2 360]
[0 360]
[0 360]
[0 360]
[0 360]
[0 360]
[0 360]
[0 360]
[0 360]
[0 360]
[0 360]
[0 360]
[0 360]
[3 360]
[0 360]
[0 360]
[0 360]
[0 360]
[0 360]
[0 360]
[0 360]
[0 360]
[0 360]
[0 360]
[0 360]
[0 360]
[0 360]
[0 360]
[0 360]
[0 360]
[2 360]
[0 360]
[0 360]
[0 360]
[0 360]
[0 360]
[0 360]
[0 360]
[0 360]
[0 360]
[0 360]
[0 360]
[1 360]
[4 363]
[0 364]
[0 365]
[0 365]
[1 365]
[0 365]
[2 365]
[2 372]
[0 372]
[1 372]
[3 372]
[0 372]
[0 372]
[0 372]
[6 374]
[1 379]
[0 379]
[0 379]
[0 379]
[0 378]
[0 378]
[6 385]
[0 385]
[0 385]
[0 385]
[0 385]
[0 385]
[3 387]
[10 400]
[11 405]
[0 410]
[3 410]
[0 410]
[0 410]
[0 410]
[0 410]
[0 410]
[0 410]
[6 413]
[9 431]
[0 431]
[0 431]
[0 431]
[0 431]
[0 431]
[0 431]
[0 431]
[4 431]
[1 431]
[0 431]
[2 431]
[0 431]
[12 452]
[1 452]
[0 452]
[1 452]
[0 452]
[0 452]
[3 452]
[1 452]
[3 453]
[0 453]
[3 456]
[2 456]
[3 469]
[0 469]
[3 469]
[2 469]
[4 469]
[0 471]
[4 477]
[2 477]
[0 477]
[3 490]
[1 490]
[4 490]
[1 490]
[1 490]
[2 490]
[0 490]
[6 495]
[0 495]
[2 517]
[0 517]
[7 517]
[1 517]
[0 517]
[0 517]
[0 517]
[1 517]
[0 517]
[14 534]
[0 534]
[0 534]
[0 534]
[0 534]
[0 534]
[0 534]
[0 534]
[0 534]
[0 534]
[0 534]
[0 534]
[0 534]
[0 534]
[0 534]
[8 534]
[0 534]
[0 534]
[0 534]
[0 534]
[0 534]
[0 534]
[0 534]
[0 534]
[0 534]
[14 542]
[0 542]
[1 541]
[0 541]
[0 541]
[0 541]
[0 541]
[0 541]
[6 544]
[0 545]
[0 545]
[0 545]
[0 545]
[0 545]
[16 565]
[0 565]
[0 565]
[0 565]
[0 565]
[0 565]
[0 565]
[0 565]
[0 565]
[0 565]
[0 565]
[8 576]
[2 576]
[0 576]
[0 576]
[0 576]
[0 576]
[0 576]
[0 576]
[5 580]
[0 580]
[4 580]
[1 589]
[2 589]
[0 589]
[5 589]
[0 589]
[2 592]
[2 595]
[0 595]
[2 595]
[3 613]
[0 613]
[0 613]
[4 613]
[0 613]
[1 613]
[0 613]
[0 613]
[2 613]
[0 613]
[1 613]
[0 613]
[0 613]
[4 613]
[17 626]
[0 626]
[6 632]
[11 643]
[0 644]
[0 645]
[4 671]
[1 671]
[5 671]
[0 671]
[0 671]
[0 671]
[0 671]
[2 671]
[0 671]
[10 671]
[0 671]
[0 671]
[0 671]
[0 671]
[0 671]
[4 671]
[0 671]
[2 673]
[0 668]
[3 671]
[0 671]
[2 671]
[2 675]
[3 678]
[6 690]
[0 690]
[0 690]
[2 690]
[0 690]
[4 690]
[1 690]
[9 699]
[5 705]
[11 713]
[3 729]
[0 729]
[0 729]
[0 729]
[0 729]
[0 729]
[2 729]
[5 729]
[0 729]
[0 729]
[3 730]
[0 730]
[0 730]
[3 730]
[1 730]
[13 744]
[3 750]
[0 750]
[0 750]
[3 750]
[1 750]
[0 750]
[4 757]
[0 757]
[0 757]
[3 757]
[0 757]
[7 763]
[0 763]
[0 766]
[2 766]
[1 767]
[0 767]
[3 776]
[0 776]
[4 776]
[0 776]
[3 776]
[0 776]
[0 781]
[7 787]
[0 787]
[0 787]
[2 787]
[4 791]
[7 798]
[0 798]
[0 798]
[0 798]
[0 798]
[2 799]
[0 799]
[3 804]
[0 804]
[2 804]
[2 809]
[0 809]
[0 809]
[0 809]
[1 809]
[3 811]
[0 811]
[0 811]
[2 811]
[1 822]
[1 822]
[0 822]
[3 822]
[0 822]
[0 822]
[0 822]
[2 822]
[0 822]
[3 822]
[0 822]
[0 822]
[0 822]
[14 836]
[1 836]
[0 837]
[0 837]
[0 837]
[0 837]
[0 837]
[0 837]
[0 837]
[0 837]
[0 837]
[0 837]
[4 844]
[2 844]
[0 844]
[0 844]
[0 844]
[0 844]
[0 844]
[0 844]
[0 844]
[0 844]
[2 845]
[0 845]
[1 846]
[0 846]
[0 846]
[0 846]
[2 849]
[0 849]
[0 849]
[2 849]
[0 849]
[1 855]
[1 855]
[0 855]
[2 855]
[0 855]
[0 860]
[1 860]
[3 860]
[0 861]
[11 868]
[0 869]
[3 871]
[2 881]
[0 882]
[0 882]
[0 882]
[0 882]
[0 882]
[0 882]
[0 882]
[0 882]
[0 882]
[0 882]
[2 882]
[4 882]
[1 882]
[0 882]
[0 882]
[1 884]
[0 884]
[0 884]
[3 886]
[1 886]
[0 886]
[0 886]
[2 887]
[2 890]
[0 890]
[4 892]
[0 892]
[0 894]
[0 894]
[0 894]
[3 895]
[6 903]
[0 903]
[0 903]
[0 903]
[0 903]
[0 903]
[0 903]
[0 903]
[0 903]
[3 906]
[0 906]
[0 906]
[0 906]
[4 910]
[0 910]
[0 910]
[0 910]
[2 911]
[3 914]
[0 914]
[0 916]
[0 916]
[2 916]
[0 916]
[0 918]
[3 921]
[0 921]
[4 925]
[0 925]
[2 926]
[0 926]
[0 927]
[0 927]
[1 927]
[2 927]
[0 928]
[0 928]
[2 929]
[2 931]
[0 931]
[15 959]
[0 959]
[0 959]
[0 959]
[0 959]
[0 959]
[0 959]
[0 959]
[0 959]
[6 959]
[0 959]
[0 959]
[0 959]
[0 959]
[0 959]
[5 968]
[0 968]
[0 967]
[0 967]
[0 967]
[2 967]
[0 967]
[0 967]
[0 967]
[2 967]
[156 52]
[1 52]
[8 57]
[0 57]
[4 61]
[0 61]
[2 63]
[2 68]
[0 68]
[3 68]
[3 74]
[1 74]
[3 75]
[1 76]
[1 77]
[2 89]
[2 92]
[10 92]
[0 92]
[0 102]
[0 102]
[0 102]
[1 102]
[0 102]
[4 102]
[3 102]
[0 102]
[2 107]
[0 107]
[6 109]
[5 112]
[2 117]
[0 117]
[0 117]
[1 117]
[0 117]
[0 117]
[1 118]
[1 118]
[2 119]
[0 119]
[2 128]
[10 138]
[0 138]
[0 138]
[0 138]
[0 138]
[0 138]
[0 138]
[1 138]
[0 137]
[1 137]
[0 137]
[2 146]
[0 146]
[2 146]
[0 146]
[2 146]
[0 146]
[3 146]
[0 146]
[0 146]
[2 146]
[2 148]
[0 148]
[0 148]
[1 150]
[1 150]
[0 150]
[2 162]
[3 162]
[0 162]
[2 162]
[0 162]
[4 162]
[0 162]
[0 162]
[0 162]
[7 168]
[3 168]
[0 168]
[2 174]
[0 174]
[0 174]
[0 174]
[0 174]
[0 174]
[0 174]
[0 174]
[0 174]
[8 181]
[0 181]
[0 181]
[0 181]
[0 181]
[0 181]
[0 181]
[0 181]
[0 181]
[1 181]
[2 182]
[0 182]
[0 182]
[0 182]
[0 182]
[0 182]
[1 183]
[0 183]
[0 183]
[0 183]
[0 183]
[0 183]
[0 183]
[0 183]
[0 183]
[11 196]
[0 196]
[0 196]
[0 196]
[0 196]
[0 196]
[0 196]
[0 196]
[6 210]
[0 210]
[2 210]
[1 210]
[4 210]
[0 210]
[0 210]
[0 210]
[0 210]
[0 210]
[2 210]
[1 210]
[1 214]
[1 214]
[4 218]
[0 218]
[2 218]
[3 228]
[1 228]
[2 228]
[0 228]
[4 231]
[0 231]
[2 231]
[3 233]
[3 236]
[0 237]
[4 240]
[0 240]
[3 242]
[6 253]
[0 253]
[0 253]
[1 253]
[4 255]
[4 259]
[0 258]
[1 259]
[1 259]
[1 261]
[8 268]
[1 268]
[0 270]
[0 270]
[10 283]
[0 283]
[0 283]
[0 283]
[0 283]
[0 283]
[0 283]
[2 283]
[0 283]
[0 283]
[1 283]
[0 283]
[2 288]
[1 288]
[2 288]
[0 288]
[2 292]
[3 292]
[1 292]
[0 293]
[0 293]
[3 295]
[0 295]
[3 298]
[0 298]
[0 307]
[4 307]
[0 307]
[0 307]
[3 307]
[1 307]
[0 308]
[2 308]
[0 308]
[1 313]
[2 313]
[1 313]
[0 315]
[1 315]
[2 317]
[1 317]
[0 317]
[0 317]
[9 3

Uploading data to server... done.

Upload successful (89043 bytes).
For analysis, please visit:

   http://6829.keithw.org/report?albert-1424392572-moowohnu

